    1         1
    2       275
    3       451
    4       245
    5       215
    6       367
    7       247
    8       363
    9       491
   10       143
   11       269
   12       359
   13       397
   14       187
   15       497
   16       221
   17       225
   18       393
   19        91
   20       185
   21       395
   22        87
   23       335
   24       179
   25       299
   26       125
   27       193
   28       457
   29       419
   30       353
   31       171
   32       183
   33        27
   34       251
   35        39
   36       227
   37        69
   38        33
   39       409
   40       137
   41       235
   42       163
   43       355
   44        97
   45       181
   46       105
   47       385
   48        31
   49       477
   50       323
   51       293
   52        85
   53       301
   54        95
   55       175
   56       405
   57       307
   58       147
   59       141
   60       495
   61       493
   62       305
   63       113
   64       317
   65       391
   66       253
   67       357
   68         7
   69        83
   70       503
   71       295
   72       303
   73        89
   74       229
   75       133
   76        79
   77        51
   78        67
   79       129
   80       111
   81       321
   82         5
   83        63
   84       479
   85       173
   86       465
   87        71
   88       483
   89       435
   90       381
   91        45
   92       157
   93       197
   94       231
   95       377
   96       421
   97       327
   98       169
   99       437
  100        59
  101       195
  102       151
  103       351
  104       345
  105        25
  106       123
  107       325
  108       199
  109        53
  110       431
  111       203
  112       279
  113       257
  114       263
  115       139
  116        57
  117       509
  118       223
  119       271
  120       499
  121       411
  122        37
  123       489
  124        73
  125       311
  126       469
  127       347
  128       389
  129       153
  130       167
  131        99
  132       401
  133       341
  134       463
  135       375
  136       403
  137       243
  138        13
  139       277
  140        23
  141       217
  142       205
  143       261
  144       447
  145        11
  146       237
  147       309
  148         3
  149       255
  150       165
  151        41
  152       507
  153       333
  154       119
  155       239
  156       155
  157       135
  158       177
  159       117
  160       145
  161        19
  162       505
  163       467
  164       115
  165        49
  166        77
  167       161
  168       131
  169        21
  170       413
  171        15
  172       373
  173       319
  174       297
  175       487
  176        61
  177       211
  178       315
  179        43
  180        81
  181       289
  182       233
  183       361
  184       443
  185       459
  186       329
  187        65
  188       313
  189       481
  190       159
  191       371
  192       283
  193       291
  194       383
  195       207
  196       441
  197       121
  198       423
  199       449
  200       369
  201       209
  202       455
  203       337
  204       339
  205       349
  206       365
  207       433
  208       343
  209       445
  210       331
  211       501
  212       485
  213       475
  214       103
  215       427
  216       241
  217       219
  218       127
  219       399
  220       249
  221        17
  222        29
  223        55
  224       287
  225        35
  226       471
  227        93
  228       259
  229       415
  230       107
  231       285
  232       387
  233       101
  234       267
  235         9
  236       473
  237       439
  238       273
  239       429
  240       453
  241       189
  242       281
  243       379
  244       149
  245       511
  246       425
  247       265
  248        47
  249       407
  250       417
  251       191
  252       109
  253        75
  254       213
  255       201
  256       461
  257         1
  258       275
  259       451
  260       245
  261       215
  262       367
  263       247
  264       363
  265       491
  266       143
  267       269
  268       359
  269       397
  270       187
  271       497
  272       221
  273       225
  274       393
  275        91
  276       185
  277        87
  278       395
  279       179
  280       335
  281       299
  282       125
  283       193
  284       457
  285       419
  286       353
  287       171
  288       183
  289        27
  290       251
  291        39
  292       227
  293        69
  294        33
  295       409
  296       137
  297       235
  298       163
  299       355
  300        97
  301       181
  302       105
  303       385
  304        31
  305       477
  306       323
  307       293
  308        85
  309       301
  310        95
  311       175
  312       405
  313       307
  314       147
  315       141
  316       495
  317       493
  318       305
  319       113
  320       317
  321       391
  322       253
  323       357
  324         7
  325        83
  326       503
  327       295
  328       303
  329        89
  330       229
  331       133
  332        79
  333        51
  334        67
  335       129
  336       111
  337       321
  338         5
  339        63
  340       479
  341       173
  342       465
  343        71
  344       483
  345       435
  346       381
  347        45
  348       157
  349       197
  350       231
  351       377
  352       421
  353       327
  354       169
  355       437
  356        59
  357       195
  358       151
  359       351
  360       345
  361        25
  362       123
  363       325
  364       199
  365        53
  366       431
  367       203
  368       279
  369       257
  370       263
  371       139
  372        57
  373       509
  374       223
  375       271
  376       499
  377       411
  378        37
  379       489
  380        73
  381       311
  382       469
  383       347
  384       389
  385       153
  386       167
  387        99
  388       401
  389       341
  390       463
  391       375
  392       403
  393       243
  394        13
  395       277
  396        23
  397       217
  398       205
  399       261
  400       447
  401        11
  402       237
  403       309
  404         3
  405       255
  406       165
  407        41
  408       507
  409       333
  410       119
  411       239
  412       155
  413       135
  414       177
  415       117
  416       145
  417        19
  418       505
  419       467
  420       115
  421        49
  422        77
  423       161
  424       131
  425        21
  426       413
  427        15
  428       373
  429       319
  430       297
  431       487
  432        61
  433       211
  434       315
  435        43
  436        81
  437       289
  438       233
  439       361
  440       443
  441       459
  442       329
  443        65
  444       313
  445       481
  446       159
  447       371
  448       283
  449       291
  450       383
  451       207
  452       441
  453       121
  454       423
  455       449
  456       369
  457       209
  458       455
  459       337
  460       339
  461       349
  462       365
  463       433
  464       343
  465       445
  466       331
  467       501
  468       485
  469       475
  470       103
  471       427
  472       241
  473       219
  474       127
  475       399
  476       249
  477        17
  478        29
  479        55
  480       287
  481        35
  482       471
  483        93
  484       259
  485       415
  486       107
  487       285
  488       387
  489       101
  490       267
  491         9
  492       473
  493       439
  494       273
  495       429
  496       453
  497       189
  498       281
  499       379
  500       149
  501       511
  502       425
  503       265
  504        47
  505       407
  506       417
  507       191
  508       109
  509        75
  510       213
  511       201
  512       461
  513         1
  514       275
  515       399
  516       231
  517       475
  518       157
  519       453
  520       249
  521       325
  522       287
  523       189
  524       119
  525       317
  526       139
  527       353
  528       115
  529       337
  530       135
  531       469
  532        87
  533        91
  534       103
  535       479
  536       259
  537       507
  538       301
  539       207
  540        71
  541       465
  542       269
  543       379
  544       313
  545       407
  546       201
  547       203
  548       495
  549       375
  550       333
  551       117
  552       443
  553       391
  554       209
  555       145
  556       499
  557        89
  558       485
  559       147
  560       141
  561        81
  562        15
  563        41
  564        57
  565       193
  566        51
  567       291
  568       505
  569       161
  570       385
  571        31
  572       227
  573       257
  574       387
  575        61
  576       143
  577       235
  578       177
  579       279
  580       107
  581        65
  582       315
  583        53
  584       349
  585       181
  586       361
  587       329
  588       509
  589        95
  590       271
  591       109
  592        99
  593       339
  594        55
  595       467
  596       179
  597       191
  598       419
  599       299
  600       239
  601       223
  602       463
  603       449
  604       367
  605         9
  606       245
  607        21
  608       425
  609        43
  610       347
  611       167
  612       265
  613       369
  614       283
  615       205
  616        75
  617        11
  618       439
  619       393
  620       341
  621       295
  622        35
  623        39
  624       357
  625       493
  626       149
  627       359
  628        85
  629        79
  630       435
  631        67
  632        97
  633       489
  634       297
  635       411
  636       389
  637       261
  638       185
  639       169
  640        73
  641       373
  642       437
  643       111
  644       413
  645       199
  646       381
  647        69
  648       383
  649       159
  650       415
  651       121
  652       101
  653       459
  654       351
  655       311
  656       429
  657        25
  658       511
  659       473
  660       433
  661        19
  662       343
  663       293
  664       457
  665        33
  666       187
  667       483
  668       233
  669       491
  670       253
  671       409
  672       355
  673       255
  674       405
  675        63
  676       225
  677       131
  678       289
  679       307
  680        49
  681       377
  682       401
  683       323
  684       153
  685       211
  686        37
  687       501
  688       113
  689       319
  690       503
  691       327
  692       477
  693        77
  694       155
  695       229
  696       137
  697       217
  698       133
  699        83
  700       171
  701       371
  702       243
  703       481
  704       151
  705       175
  706       403
  707       125
  708       213
  709       277
  710       331
  711        45
  712       195
  713       163
  714       427
  715       221
  716       321
  717       303
  718       127
  719         3
  720       165
  721       241
  722       423
  723       487
  724       105
  725       215
  726       395
  727       455
  728       445
  729       471
  730       365
  731       451
  732       363
  733       285
  734       273
  735         5
  736       397
  737       431
  738       219
  739        47
  740       335
  741        13
  742         7
  743        17
  744       305
  745        23
  746       281
  747       197
  748       309
  749       123
  750        29
  751       447
  752       247
  753       497
  754       267
  755       183
  756       263
  757       237
  758       421
  759        59
  760        93
  761        27
  762       461
  763       173
  764       129
  765       345
  766       441
  767       417
  768       251
  769         1
  770       283
  771       367
  772       297
  773       429
  774       437
  775       269
  776       329
  777       311
  778       491
  779       351
  780       221
  781       289
  782       327
  783       363
  784        79
  785       187
  786       397
  787       153
  788       131
  789       169
  790        45
  791       481
  792       427
  793       375
  794       465
  795       347
  796       307
  797       207
  798       453
  799       265
  800       435
  801       317
  802       227
  803       377
  804       251
  805        35
  806       113
  807        71
  808        55
  809       141
  810       197
  811       123
  812        49
  813        19
  814        23
  815       273
  816       177
  817       443
  818       411
  819       509
  820       333
  821       373
  822       241
  823       191
  824       499
  825       299
  826       309
  827       235
  828       129
  829       331
  830       159
  831        33
  832        27
  833       295
  834       475
  835        67
  836       345
  837       267
  838       439
  839       391
  840        63
  841       249
  842        61
  843       413
  844       225
  845       469
  846       357
  847       495
  848       255
  849       337
  850       483
  851       303
  852       399
  853       501
  854       193
  855       409
  856         5
  857       171
  858       421
  859       395
  860       389
  861       163
  862       455
  863        39
  864       381
  865       359
  866        87
  867       275
  868        93
  869       485
  870       233
  871       497
  872         7
  873       313
  874       355
  875       291
  876       487
  877       109
  878        65
  879       365
  880       361
  881       401
  882       423
  883       211
  884       281
  885       293
  886       369
  887       417
  888       405
  889       323
  890       259
  891       407
  892         9
  893       393
  894        51
  895       125
  896       157
  897       185
  898       505
  899       379
  900       257
  901        77
  902       415
  903       457
  904       459
  905       149
  906       107
  907       371
  908       105
  909       121
  910       213
  911       285
  912        81
  913       339
  914        75
  915       147
  916       219
  917       111
  918       387
  919        41
  920        29
  921        85
  922       201
  923       127
  924       445
  925       473
  926        31
  927       467
  928       511
  929       181
  930       167
  931       117
  932        21
  933        97
  934       341
  935        15
  936        91
  937       115
  938       133
  939       161
  940       301
  941        47
  942       215
  943       199
  944       229
  945       139
  946       349
  947       461
  948       447
  949       143
  950       151
  951       279
  952       477
  953       403
  954       247
  955       431
  956        25
  957       335
  958       305
  959       277
  960       451
  961       325
  962        17
  963       353
  964       103
  965       217
  966       263
  967       209
  968       223
  969       449
  970       231
  971       321
  972        11
  973       315
  974       203
  975       287
  976       425
  977       155
  978       493
  979       173
  980       195
  981       253
  982       441
  983       179
  984        95
  985         3
  986       239
  987       479
  988        89
  989       383
  990       507
  991       137
  992       433
  993        69
  994       471
  995        59
  996        37
  997       463
  998        13
  999       261
 1000       165
 1001       189
 1002        83
 1003        73
 1004       135
 1005       503
 1006       385
 1007       245
 1008       419
 1009       101
 1010        57
 1011        99
 1012       243
 1013       145
 1014       343
 1015       183
 1016       319
 1017       489
 1018       271
 1019       175
 1020        53
 1021       237
 1022       205
 1023        43
 1024       119
 1025         1
 1026       275
 1027       399
 1028       231
 1029       475
 1030       157
 1031       453
 1032       249
 1033       325
 1034       287
 1035       189
 1036       119
 1037       317
 1038       139
 1039       353
 1040       115
 1041       337
 1042       135
 1043       469
 1044        87
 1045        91
 1046       103
 1047       479
 1048       259
 1049       507
 1050       301
 1051       207
 1052        71
 1053       465
 1054       269
 1055       379
 1056       313
 1057       407
 1058       201
 1059       203
 1060       495
 1061       375
 1062       333
 1063       117
 1064       443
 1065       391
 1066       209
 1067       145
 1068       499
 1069        89
 1070       485
 1071       147
 1072       141
 1073        81
 1074        15
 1075        41
 1076        57
 1077       193
 1078        51
 1079       291
 1080       505
 1081       161
 1082       385
 1083        31
 1084       227
 1085       257
 1086       387
 1087        61
 1088       143
 1089       235
 1090       177
 1091       279
 1092       107
 1093        65
 1094       315
 1095        53
 1096       349
 1097       181
 1098       361
 1099       329
 1100       509
 1101        95
 1102       271
 1103       109
 1104        99
 1105       339
 1106        55
 1107       467
 1108       179
 1109       191
 1110       419
 1111       299
 1112       239
 1113       223
 1114       463
 1115       449
 1116       367
 1117         9
 1118       245
 1119        21
 1120       425
 1121        43
 1122       347
 1123       167
 1124       265
 1125       369
 1126       283
 1127       205
 1128        75
 1129        11
 1130       439
 1131       393
 1132       341
 1133       295
 1134        35
 1135        39
 1136       357
 1137       493
 1138       149
 1139       359
 1140        85
 1141        79
 1142       435
 1143        67
 1144        97
 1145       489
 1146       297
 1147       411
 1148       389
 1149       261
 1150       185
 1151       169
 1152        73
 1153       373
 1154       437
 1155       111
 1156       413
 1157       199
 1158       381
 1159        69
 1160       383
 1161       159
 1162       415
 1163       121
 1164       101
 1165       459
 1166       351
 1167       311
 1168       429
 1169        25
 1170       511
 1171       473
 1172       433
 1173        19
 1174       343
 1175       293
 1176       457
 1177        33
 1178       187
 1179       483
 1180       233
 1181       491
 1182       253
 1183       409
 1184       355
 1185       255
 1186       405
 1187        63
 1188       225
 1189       131
 1190       289
 1191       307
 1192        49
 1193       377
 1194       401
 1195       323
 1196       153
 1197       211
 1198        37
 1199       501
 1200       113
 1201       319
 1202       503
 1203       327
 1204       477
 1205        77
 1206       155
 1207       229
 1208       137
 1209       217
 1210       133
 1211        83
 1212       171
 1213       371
 1214       243
 1215       481
 1216       151
 1217       175
 1218       403
 1219       125
 1220       213
 1221       277
 1222       331
 1223        45
 1224       195
 1225       163
 1226       427
 1227       221
 1228       321
 1229       303
 1230       127
 1231         3
 1232       165
 1233       241
 1234       423
 1235       487
 1236       105
 1237       215
 1238       395
 1239       455
 1240       445
 1241       471
 1242       365
 1243       451
 1244       363
 1245       285
 1246       273
 1247         5
 1248       397
 1249       431
 1250       219
 1251        47
 1252       335
 1253        13
 1254         7
 1255        17
 1256       305
 1257        23
 1258       281
 1259       197
 1260       309
 1261       123
 1262        29
 1263       447
 1264       247
 1265       497
 1266       267
 1267       183
 1268       263
 1269       237
 1270       421
 1271        59
 1272        93
 1273        27
 1274       461
 1275       173
 1276       129
 1277       345
 1278       441
 1279       417
 1280       251
 1281         1
 1282       275
 1283       451
 1284       245
 1285       215
 1286       367
 1287       247
 1288       363
 1289       491
 1290       143
 1291       269
 1292       359
 1293       397
 1294       187
 1295       497
 1296       221
 1297       225
 1298       393
 1299        91
 1300       185
 1301       395
 1302        87
 1303       179
 1304       335
 1305       299
 1306       125
 1307       193
 1308       457
 1309       419
 1310       353
 1311       171
 1312       183
 1313        27
 1314       251
 1315        39
 1316       227
 1317        69
 1318        33
 1319       409
 1320       137
 1321       235
 1322       163
 1323       355
 1324        97
 1325       181
 1326       105
 1327       385
 1328        31
 1329       477
 1330       323
 1331       293
 1332        85
 1333       301
 1334        95
 1335       175
 1336       405
 1337       307
 1338       147
 1339       141
 1340       495
 1341       493
 1342       305
 1343       113
 1344       317
 1345       391
 1346       253
 1347       357
 1348         7
 1349        83
 1350       503
 1351       295
 1352       303
 1353        89
 1354       229
 1355       133
 1356        79
 1357        51
 1358        67
 1359       129
 1360       111
 1361       321
 1362         5
 1363        63
 1364       479
 1365       173
 1366       465
 1367        71
 1368       483
 1369       435
 1370       381
 1371        45
 1372       157
 1373       197
 1374       231
 1375       377
 1376       421
 1377       327
 1378       169
 1379       437
 1380        59
 1381       195
 1382       151
 1383       351
 1384       345
 1385        25
 1386       123
 1387       325
 1388       199
 1389        53
 1390       431
 1391       203
 1392       279
 1393       257
 1394       263
 1395       139
 1396        57
 1397       509
 1398       223
 1399       271
 1400       499
 1401       411
 1402        37
 1403       489
 1404        73
 1405       311
 1406       469
 1407       347
 1408       389
 1409       153
 1410       167
 1411        99
 1412       401
 1413       341
 1414       463
 1415       375
 1416       403
 1417       243
 1418        13
 1419       277
 1420        23
 1421       217
 1422       205
 1423       261
 1424       447
 1425        11
 1426       237
 1427       309
 1428         3
 1429       255
 1430       165
 1431        41
 1432       507
 1433       333
 1434       119
 1435       239
 1436       155
 1437       135
 1438       177
 1439       117
 1440       145
 1441        19
 1442       505
 1443       467
 1444       115
 1445        49
 1446        77
 1447       161
 1448       131
 1449        21
 1450       413
 1451        15
 1452       373
 1453       319
 1454       297
 1455       487
 1456        61
 1457       211
 1458       315
 1459        43
 1460        81
 1461       289
 1462       233
 1463       361
 1464       443
 1465       459
 1466       329
 1467        65
 1468       313
 1469       481
 1470       159
 1471       371
 1472       283
 1473       291
 1474       383
 1475       207
 1476       441
 1477       121
 1478       423
 1479       449
 1480       369
 1481       209
 1482       455
 1483       337
 1484       339
 1485       349
 1486       365
 1487       433
 1488       343
 1489       445
 1490       331
 1491       501
 1492       485
 1493       475
 1494       103
 1495       427
 1496       241
 1497       219
 1498       127
 1499       399
 1500       249
 1501        17
 1502        29
 1503        55
 1504       287
 1505        35
 1506       471
 1507        93
 1508       259
 1509       415
 1510       107
 1511       285
 1512       387
 1513       101
 1514       267
 1515         9
 1516       473
 1517       439
 1518       273
 1519       429
 1520       453
 1521       189
 1522       281
 1523       379
 1524       149
 1525       511
 1526       425
 1527       265
 1528        47
 1529       407
 1530       417
 1531       191
 1532       109
 1533        75
 1534       213
 1535       201
 1536       461
 1537         1
 1538       283
 1539       277
 1540       163
 1541       281
 1542       399
 1543       189
 1544       199
 1545       317
 1546       401
 1547       453
 1548       425
 1549       325
 1550       115
 1551       239
 1552       139
 1553       223
 1554       185
 1555       393
 1556        45
 1557       153
 1558       477
 1559       389
 1560       431
 1561       121
 1562       191
 1563       213
 1564       387
 1565       351
 1566       501
 1567       263
 1568       509
 1569       311
 1570       105
 1571       461
 1572       415
 1573       343
 1574        75
 1575       371
 1576        61
 1577       441
 1578        95
 1579        31
 1580       245
 1581        39
 1582       413
 1583       149
 1584       395
 1585        33
 1586       383
 1587       265
 1588         7
 1589       433
 1590       309
 1591       347
 1592       455
 1593        47
 1594       241
 1595       145
 1596       101
 1597       369
 1598       507
 1599       443
 1600       255
 1601       237
 1602       449
 1603       439
 1604       109
 1605       463
 1606        67
 1607       205
 1608        37
 1609        77
 1610        55
 1611        23
 1612       379
 1613       209
 1614       127
 1615       107
 1616        27
 1617       171
 1618       361
 1619        43
 1620       437
 1621       207
 1622       219
 1623       211
 1624       353
 1625       337
 1626        65
 1627       177
 1628       481
 1629       297
 1630       499
 1631        19
 1632       119
 1633       467
 1634       291
 1635       217
 1636        41
 1637       257
 1638       157
 1639        53
 1640       333
 1641       243
 1642       279
 1643        87
 1644       173
 1645       345
 1646       421
 1647        89
 1648       483
 1649       491
 1650       147
 1651       409
 1652       429
 1653       319
 1654       331
 1655       315
 1656        17
 1657       183
 1658         9
 1659       285
 1660       259
 1661       131
 1662       135
 1663       137
 1664       233
 1665       397
 1666       179
 1667       225
 1668       485
 1669       249
 1670       251
 1671       451
 1672        15
 1673       273
 1674       495
 1675        71
 1676       227
 1677       307
 1678       465
 1679       407
 1680        85
 1681        25
 1682       113
 1683       423
 1684       193
 1685        21
 1686       375
 1687        93
 1688       151
 1689        81
 1690       195
 1691       357
 1692        73
 1693       493
 1694       123
 1695       359
 1696       229
 1697       143
 1698       403
 1699       335
 1700       111
 1701       261
 1702       175
 1703       459
 1704       447
 1705       327
 1706       287
 1707        59
 1708       103
 1709       299
 1710       349
 1711       269
 1712       511
 1713        79
 1714       215
 1715       377
 1716        91
 1717       181
 1718        29
 1719       355
 1720       169
 1721       167
 1722         3
 1723       427
 1724       339
 1725       117
 1726        11
 1727       367
 1728       457
 1729       289
 1730       405
 1731         5
 1732       301
 1733       275
 1734       435
 1735       469
 1736       187
 1737       475
 1738        83
 1739       165
 1740       305
 1741       417
 1742       271
 1743       133
 1744       221
 1745       385
 1746       473
 1747       487
 1748       201
 1749       503
 1750       141
 1751       505
 1752       197
 1753       247
 1754       363
 1755        69
 1756       365
 1757       411
 1758       159
 1759       125
 1760       373
 1761       479
 1762       419
 1763       161
 1764        63
 1765       267
 1766        57
 1767        97
 1768       321
 1769       329
 1770       231
 1771       445
 1772        51
 1773       253
 1774       155
 1775        49
 1776       471
 1777       129
 1778        13
 1779       489
 1780       313
 1781       235
 1782        35
 1783       323
 1784       293
 1785        99
 1786       203
 1787       341
 1788       497
 1789       295
 1790       391
 1791       381
 1792       303
 1793         1
 1794       275
 1795       399
 1796       231
 1797       475
 1798       157
 1799       453
 1800       249
 1801       325
 1802       287
 1803       189
 1804       119
 1805       317
 1806       139
 1807       353
 1808       115
 1809       337
 1810       135
 1811       469
 1812        87
 1813        91
 1814       103
 1815       479
 1816       259
 1817       507
 1818       301
 1819       207
 1820        71
 1821       465
 1822       269
 1823       379
 1824       313
 1825       407
 1826       201
 1827       203
 1828       495
 1829       375
 1830       333
 1831       117
 1832       443
 1833       391
 1834       209
 1835       145
 1836       499
 1837        89
 1838       485
 1839       147
 1840       141
 1841        81
 1842        15
 1843        41
 1844        57
 1845       193
 1846        51
 1847       291
 1848       505
 1849       161
 1850       385
 1851        31
 1852       227
 1853       257
 1854       387
 1855        61
 1856       143
 1857       235
 1858       177
 1859       279
 1860       107
 1861        65
 1862       315
 1863        53
 1864       349
 1865       181
 1866       361
 1867       329
 1868       509
 1869        95
 1870       271
 1871       109
 1872        99
 1873       339
 1874        55
 1875       467
 1876       179
 1877       191
 1878       419
 1879       299
 1880       239
 1881       223
 1882       463
 1883       449
 1884       367
 1885         9
 1886       245
 1887        21
 1888       425
 1889        43
 1890       347
 1891       167
 1892       265
 1893       369
 1894       283
 1895       205
 1896        75
 1897        11
 1898       439
 1899       393
 1900       341
 1901       295
 1902        35
 1903        39
 1904       357
 1905       493
 1906       149
 1907       359
 1908        85
 1909        79
 1910       435
 1911        67
 1912        97
 1913       489
 1914       297
 1915       411
 1916       389
 1917       261
 1918       185
 1919       169
 1920        73
 1921       373
 1922       437
 1923       111
 1924       413
 1925       199
 1926       381
 1927        69
 1928       383
 1929       159
 1930       415
 1931       121
 1932       101
 1933       459
 1934       351
 1935       311
 1936       429
 1937        25
 1938       511
 1939       473
 1940       433
 1941        19
 1942       343
 1943       293
 1944       457
 1945        33
 1946       187
 1947       483
 1948       233
 1949       491
 1950       253
 1951       409
 1952       355
 1953       255
 1954       405
 1955        63
 1956       225
 1957       131
 1958       289
 1959       307
 1960        49
 1961       377
 1962       401
 1963       323
 1964       153
 1965       211
 1966        37
 1967       501
 1968       113
 1969       319
 1970       503
 1971       327
 1972       477
 1973        77
 1974       155
 1975       229
 1976       137
 1977       217
 1978       133
 1979        83
 1980       171
 1981       371
 1982       243
 1983       481
 1984       151
 1985       175
 1986       403
 1987       125
 1988       213
 1989       277
 1990       331
 1991        45
 1992       195
 1993       163
 1994       427
 1995       221
 1996       321
 1997       303
 1998       127
 1999         3
 2000       165
 2001       241
 2002       423
 2003       487
 2004       105
 2005       215
 2006       395
 2007       455
 2008       445
 2009       471
 2010       365
 2011       451
 2012       363
 2013       285
 2014       273
 2015         5
 2016       397
 2017       431
 2018       219
 2019        47
 2020       335
 2021        13
 2022         7
 2023        17
 2024       305
 2025        23
 2026       281
 2027       197
 2028       309
 2029       123
 2030        29
 2031       447
 2032       247
 2033       497
 2034       267
 2035       183
 2036       263
 2037       237
 2038       421
 2039        59
 2040        93
 2041        27
 2042       461
 2043       173
 2044       129
 2045       345
 2046       441
 2047       417
 2048       251
 2049         1
 2050       275
 2051       399
 2052       231
 2053       475
 2054       157
 2055       453
 2056       249
 2057       325
 2058       287
 2059       189
 2060       119
 2061       317
 2062       139
 2063       353
 2064       115
 2065       337
 2066       135
 2067       469
 2068        87
 2069        91
 2070       103
 2071       479
 2072       259
 2073       507
 2074       301
 2075       207
 2076        71
 2077       465
 2078       269
 2079       379
 2080       313
 2081       491
 2082       203
 2083       201
 2084       461
 2085       117
 2086       145
 2087       375
 2088       391
 2089       443
 2090       499
 2091       333
 2092       209
 2093       485
 2094        89
 2095        15
 2096        81
 2097       141
 2098       147
 2099       171
 2100       123
 2101       291
 2102        17
 2103       193
 2104       197
 2105       387
 2106       285
 2107        61
 2108       127
 2109        99
 2110       161
 2111        31
 2112       493
 2113       361
 2114       429
 2115       107
 2116       279
 2117       349
 2118         7
 2119        55
 2120        65
 2121       329
 2122       235
 2123       181
 2124       223
 2125       131
 2126       109
 2127       271
 2128       257
 2129        79
 2130        53
 2131       463
 2132       367
 2133       419
 2134       191
 2135       343
 2136       205
 2137       509
 2138       467
 2139       477
 2140       179
 2141       245
 2142         9
 2143       105
 2144        43
 2145       425
 2146       153
 2147       283
 2148        11
 2149        19
 2150       167
 2151       239
 2152       439
 2153       265
 2154        75
 2155       373
 2156       471
 2157       357
 2158        63
 2159       101
 2160       295
 2161       143
 2162       489
 2163       165
 2164       215
 2165       339
 2166       111
 2167       415
 2168       445
 2169       149
 2170       427
 2171       473
 2172       455
 2173       185
 2174       261
 2175       213
 2176       437
 2177       393
 2178        73
 2179       435
 2180       255
 2181       133
 2182       417
 2183       121
 2184        29
 2185       323
 2186        67
 2187        69
 2188        39
 2189       457
 2190       125
 2191       309
 2192       177
 2193       293
 2194       355
 2195       411
 2196       173
 2197       369
 2198       299
 2199        25
 2200       459
 2201       253
 2202       377
 2203       129
 2204       405
 2205       407
 2206        33
 2207       421
 2208       511
 2209       413
 2210       233
 2211        35
 2212       195
 2213        95
 2214         3
 2215       273
 2216        45
 2217       187
 2218        77
 2219       159
 2220       347
 2221       305
 2222       281
 2223       247
 2224       237
 2225       221
 2226       267
 2227       251
 2228       449
 2229       401
 2230       217
 2231       345
 2232       395
 2233       155
 2234       199
 2235       335
 2236        41
 2237       431
 2238        47
 2239       451
 2240       277
 2241       397
 2242       241
 2243       351
 2244       169
 2245       151
 2246       183
 2247        49
 2248       225
 2249       447
 2250       297
 2251       319
 2252        93
 2253        13
 2254       227
 2255       289
 2256       359
 2257       403
 2258        27
 2259       219
 2260        21
 2261        85
 2262       137
 2263       389
 2264        97
 2265       341
 2266       497
 2267       481
 2268        23
 2269       385
 2270       307
 2271       441
 2272       175
 2273       371
 2274       487
 2275       243
 2276        83
 2277       303
 2278       315
 2279        51
 2280       211
 2281       363
 2282        37
 2283       505
 2284       311
 2285        57
 2286       383
 2287       163
 2288       501
 2289       365
 2290       503
 2291       331
 2292        59
 2293       113
 2294       409
 2295       263
 2296       321
 2297       423
 2298       495
 2299       433
 2300       483
 2301       229
 2302         5
 2303       381
 2304       327
 2305         1
 2306       275
 2307       399
 2308       231
 2309       475
 2310       157
 2311       453
 2312       249
 2313       325
 2314       287
 2315       189
 2316       119
 2317       317
 2318       139
 2319       353
 2320       115
 2321       337
 2322       135
 2323       469
 2324        87
 2325        91
 2326       103
 2327       479
 2328       259
 2329       507
 2330       301
 2331       207
 2332        71
 2333       465
 2334       269
 2335       379
 2336       313
 2337       491
 2338       203
 2339       201
 2340       461
 2341       117
 2342       145
 2343       375
 2344       391
 2345       443
 2346       499
 2347       333
 2348       209
 2349       485
 2350        89
 2351        15
 2352        81
 2353       141
 2354       147
 2355       171
 2356       123
 2357       291
 2358        17
 2359       193
 2360       197
 2361       387
 2362       285
 2363        61
 2364       127
 2365        99
 2366       161
 2367        31
 2368       493
 2369       361
 2370       429
 2371       107
 2372       279
 2373       349
 2374         7
 2375        55
 2376        65
 2377       329
 2378       235
 2379       181
 2380       223
 2381       131
 2382       109
 2383       271
 2384       257
 2385        79
 2386        53
 2387       463
 2388       367
 2389       419
 2390       191
 2391       343
 2392       205
 2393       509
 2394       467
 2395       477
 2396       179
 2397       245
 2398         9
 2399       105
 2400        43
 2401       425
 2402       153
 2403       283
 2404        11
 2405        19
 2406       167
 2407       239
 2408       439
 2409       265
 2410        75
 2411       373
 2412       471
 2413       357
 2414        63
 2415       101
 2416       295
 2417       143
 2418       489
 2419       165
 2420       215
 2421       339
 2422       111
 2423       415
 2424       445
 2425       149
 2426       427
 2427       473
 2428       455
 2429       185
 2430       261
 2431       213
 2432       437
 2433       393
 2434        73
 2435       435
 2436       255
 2437       133
 2438       417
 2439       121
 2440        29
 2441       323
 2442        67
 2443        69
 2444        39
 2445       457
 2446       125
 2447       309
 2448       177
 2449       293
 2450       355
 2451       411
 2452       173
 2453       369
 2454       299
 2455        25
 2456       459
 2457       253
 2458       377
 2459       129
 2460       405
 2461       407
 2462        33
 2463       421
 2464       511
 2465       413
 2466       233
 2467        35
 2468       195
 2469        95
 2470         3
 2471       273
 2472        45
 2473       187
 2474        77
 2475       159
 2476       347
 2477       305
 2478       281
 2479       247
 2480       237
 2481       221
 2482       267
 2483       251
 2484       449
 2485       401
 2486       217
 2487       345
 2488       395
 2489       155
 2490       199
 2491       335
 2492        41
 2493       431
 2494        47
 2495       451
 2496       277
 2497       397
 2498       241
 2499       351
 2500       169
 2501       151
 2502       183
 2503        49
 2504       225
 2505       447
 2506       297
 2507       319
 2508        93
 2509        13
 2510       227
 2511       289
 2512       359
 2513       403
 2514        27
 2515       219
 2516        21
 2517        85
 2518       137
 2519       389
 2520        97
 2521       341
 2522       497
 2523       481
 2524        23
 2525       385
 2526       307
 2527       441
 2528       175
 2529       371
 2530       487
 2531       243
 2532        83
 2533       303
 2534       315
 2535        51
 2536       211
 2537       363
 2538        37
 2539       505
 2540       311
 2541        57
 2542       383
 2543       163
 2544       501
 2545       365
 2546       503
 2547       331
 2548        59
 2549       113
 2550       409
 2551       263
 2552       321
 2553       423
 2554       495
 2555       433
 2556       483
 2557       229
 2558         5
 2559       327
 2560       381
 2561         1
 2562       283
 2563       367
 2564       297
 2565       429
 2566       437
 2567       329
 2568       269
 2569       311
 2570       491
 2571       351
 2572       221
 2573       289
 2574       327
 2575       363
 2576        79
 2577       187
 2578       397
 2579       153
 2580       131
 2581       169
 2582        45
 2583       481
 2584       427
 2585       375
 2586       465
 2587       347
 2588       307
 2589       207
 2590       453
 2591       265
 2592       435
 2593       317
 2594       227
 2595       377
 2596       251
 2597        35
 2598       113
 2599        71
 2600        55
 2601       141
 2602       197
 2603       123
 2604        49
 2605        19
 2606        23
 2607       273
 2608       177
 2609       443
 2610       411
 2611       509
 2612       333
 2613       373
 2614       241
 2615       191
 2616       499
 2617       299
 2618       309
 2619       235
 2620       129
 2621       331
 2622       159
 2623        33
 2624        27
 2625       295
 2626       475
 2627        67
 2628       345
 2629       267
 2630       439
 2631       391
 2632        63
 2633       249
 2634        61
 2635       413
 2636       225
 2637       469
 2638       357
 2639       495
 2640       255
 2641       337
 2642       483
 2643       303
 2644       399
 2645       501
 2646       193
 2647       409
 2648         5
 2649       171
 2650       421
 2651       395
 2652       389
 2653       163
 2654       455
 2655        39
 2656       381
 2657       359
 2658        87
 2659       275
 2660        93
 2661       485
 2662       233
 2663       497
 2664         7
 2665       313
 2666       355
 2667       291
 2668       487
 2669       109
 2670        65
 2671       365
 2672       361
 2673       401
 2674       423
 2675       211
 2676       281
 2677       293
 2678       369
 2679       417
 2680       405
 2681       323
 2682       259
 2683       407
 2684         9
 2685       393
 2686        51
 2687       125
 2688       157
 2689       185
 2690       505
 2691       379
 2692       257
 2693        77
 2694       415
 2695       457
 2696       459
 2697       149
 2698       107
 2699       371
 2700       105
 2701       121
 2702       213
 2703       285
 2704        81
 2705       339
 2706        75
 2707       147
 2708       219
 2709       111
 2710       387
 2711        41
 2712        29
 2713        85
 2714       201
 2715       127
 2716       445
 2717       473
 2718        31
 2719       467
 2720       511
 2721       181
 2722       167
 2723       117
 2724        21
 2725        97
 2726       341
 2727        15
 2728        91
 2729       115
 2730       133
 2731       161
 2732       301
 2733        47
 2734       215
 2735       199
 2736       229
 2737       139
 2738       349
 2739       461
 2740       447
 2741       143
 2742       151
 2743       279
 2744       477
 2745       403
 2746       247
 2747       431
 2748        25
 2749       335
 2750       305
 2751       277
 2752       451
 2753       325
 2754        17
 2755       353
 2756       103
 2757       217
 2758       263
 2759       209
 2760       223
 2761       449
 2762       231
 2763       321
 2764        11
 2765       315
 2766       203
 2767       287
 2768       425
 2769       155
 2770       493
 2771       173
 2772       195
 2773       253
 2774       441
 2775       179
 2776        95
 2777         3
 2778       239
 2779       479
 2780        89
 2781       383
 2782       507
 2783       137
 2784       433
 2785        69
 2786       471
 2787        59
 2788        37
 2789       463
 2790        13
 2791       261
 2792       165
 2793       189
 2794        83
 2795        73
 2796       135
 2797       503
 2798       385
 2799       245
 2800       419
 2801       101
 2802        57
 2803        99
 2804       243
 2805       145
 2806       343
 2807       183
 2808       319
 2809       489
 2810       271
 2811       175
 2812        53
 2813       237
 2814       205
 2815        43
 2816       119
 2817         1
 2818       283
 2819       277
 2820       163
 2821       281
 2822       399
 2823       199
 2824       189
 2825       317
 2826       401
 2827       453
 2828       425
 2829       325
 2830       115
 2831       239
 2832       139
 2833       223
 2834       185
 2835        45
 2836       393
 2837       477
 2838       153
 2839       389
 2840       431
 2841       121
 2842       191
 2843       213
 2844       387
 2845       351
 2846       501
 2847       509
 2848       263
 2849       311
 2850       105
 2851       461
 2852       415
 2853       343
 2854        75
 2855       371
 2856        61
 2857       441
 2858        95
 2859        31
 2860       245
 2861        39
 2862       413
 2863       149
 2864       395
 2865        33
 2866       383
 2867       265
 2868         7
 2869       433
 2870       309
 2871       347
 2872       455
 2873        47
 2874       241
 2875       145
 2876       101
 2877       369
 2878       507
 2879       443
 2880       255
 2881       237
 2882       449
 2883       439
 2884       109
 2885       463
 2886        67
 2887       205
 2888        37
 2889        77
 2890        55
 2891        23
 2892       379
 2893       209
 2894       127
 2895       107
 2896        27
 2897       171
 2898       361
 2899        43
 2900       437
 2901       207
 2902       219
 2903       211
 2904       353
 2905       337
 2906        65
 2907       177
 2908       481
 2909       297
 2910       499
 2911        19
 2912       119
 2913       467
 2914       291
 2915       217
 2916        41
 2917       257
 2918       157
 2919        53
 2920       333
 2921       243
 2922       279
 2923        87
 2924       173
 2925       345
 2926       421
 2927        89
 2928       483
 2929       491
 2930       147
 2931       409
 2932       429
 2933       319
 2934       331
 2935       315
 2936        17
 2937       183
 2938         9
 2939       285
 2940       259
 2941       131
 2942       135
 2943       137
 2944       233
 2945       397
 2946       179
 2947       225
 2948       485
 2949       249
 2950       251
 2951       451
 2952        15
 2953       273
 2954       495
 2955        71
 2956       227
 2957       307
 2958       465
 2959       407
 2960        85
 2961        25
 2962       113
 2963       423
 2964       193
 2965        21
 2966       375
 2967        93
 2968       151
 2969        81
 2970       195
 2971       357
 2972        73
 2973       493
 2974       123
 2975       359
 2976       229
 2977       143
 2978       403
 2979       335
 2980       111
 2981       261
 2982       175
 2983       459
 2984       447
 2985       327
 2986       287
 2987        59
 2988       103
 2989       299
 2990       349
 2991       269
 2992       511
 2993        79
 2994       215
 2995       377
 2996        91
 2997       181
 2998        29
 2999       355
 3000       169
 3001       167
 3002         3
 3003       427
 3004       339
 3005       117
 3006        11
 3007       367
 3008       457
 3009       289
 3010       405
 3011         5
 3012       301
 3013       275
 3014       435
 3015       469
 3016       187
 3017       475
 3018        83
 3019       165
 3020       305
 3021       417
 3022       271
 3023       133
 3024       221
 3025       385
 3026       473
 3027       487
 3028       201
 3029       503
 3030       141
 3031       505
 3032       197
 3033       247
 3034       363
 3035        69
 3036       365
 3037       411
 3038       159
 3039       125
 3040       373
 3041       479
 3042       419
 3043       161
 3044        63
 3045       267
 3046        57
 3047        97
 3048       321
 3049       329
 3050       231
 3051       445
 3052        51
 3053       253
 3054       155
 3055        49
 3056       471
 3057       129
 3058        13
 3059       489
 3060       313
 3061       235
 3062        35
 3063       323
 3064       293
 3065        99
 3066       203
 3067       341
 3068       497
 3069       295
 3070       391
 3071       303
 3072       381
 3073         1
 3074       283
 3075       277
 3076       163
 3077       281
 3078       399
 3079       199
 3080       189
 3081       317
 3082       401
 3083       453
 3084       425
 3085       325
 3086       115
 3087       239
 3088       139
 3089       223
 3090       185
 3091       393
 3092        45
 3093       153
 3094       477
 3095       389
 3096       431
 3097       121
 3098       191
 3099       213
 3100       387
 3101       351
 3102       501
 3103       263
 3104       509
 3105       311
 3106       105
 3107       461
 3108       415
 3109       343
 3110        75
 3111       371
 3112        61
 3113       441
 3114        95
 3115        31
 3116       245
 3117        39
 3118       413
 3119       149
 3120       395
 3121        33
 3122       383
 3123       265
 3124         7
 3125       433
 3126       309
 3127       347
 3128       455
 3129        47
 3130       241
 3131       145
 3132       101
 3133       369
 3134       507
 3135       443
 3136       255
 3137       237
 3138       449
 3139       439
 3140       109
 3141       463
 3142        67
 3143       205
 3144        37
 3145        77
 3146        55
 3147        23
 3148       379
 3149       209
 3150       127
 3151       107
 3152        27
 3153       171
 3154       361
 3155        43
 3156       437
 3157       207
 3158       219
 3159       211
 3160       353
 3161       337
 3162        65
 3163       177
 3164       481
 3165       297
 3166       499
 3167        19
 3168       119
 3169       467
 3170       291
 3171       217
 3172        41
 3173       257
 3174       157
 3175        53
 3176       333
 3177       243
 3178       279
 3179        87
 3180       173
 3181       345
 3182       421
 3183        89
 3184       483
 3185       491
 3186       147
 3187       409
 3188       429
 3189       319
 3190       331
 3191       315
 3192        17
 3193       183
 3194         9
 3195       285
 3196       259
 3197       131
 3198       135
 3199       137
 3200       233
 3201       397
 3202       179
 3203       225
 3204       485
 3205       249
 3206       251
 3207       451
 3208        15
 3209       273
 3210       495
 3211        71
 3212       227
 3213       307
 3214       465
 3215       407
 3216        85
 3217        25
 3218       113
 3219       423
 3220       193
 3221        21
 3222       375
 3223        93
 3224       151
 3225        81
 3226       195
 3227       357
 3228        73
 3229       493
 3230       123
 3231       359
 3232       229
 3233       143
 3234       403
 3235       335
 3236       111
 3237       261
 3238       175
 3239       459
 3240       447
 3241       327
 3242       287
 3243        59
 3244       103
 3245       299
 3246       349
 3247       269
 3248       511
 3249        79
 3250       215
 3251       377
 3252        91
 3253       181
 3254        29
 3255       355
 3256       169
 3257       167
 3258         3
 3259       427
 3260       339
 3261       117
 3262        11
 3263       367
 3264       457
 3265       289
 3266       405
 3267         5
 3268       301
 3269       275
 3270       435
 3271       469
 3272       187
 3273       475
 3274        83
 3275       165
 3276       305
 3277       417
 3278       271
 3279       133
 3280       221
 3281       385
 3282       473
 3283       487
 3284       201
 3285       503
 3286       141
 3287       505
 3288       197
 3289       247
 3290       363
 3291        69
 3292       365
 3293       411
 3294       159
 3295       125
 3296       373
 3297       479
 3298       419
 3299       161
 3300        63
 3301       267
 3302        57
 3303        97
 3304       321
 3305       329
 3306       231
 3307       445
 3308        51
 3309       253
 3310       155
 3311        49
 3312       471
 3313       129
 3314        13
 3315       489
 3316       313
 3317       235
 3318        35
 3319       323
 3320       293
 3321        99
 3322       203
 3323       341
 3324       497
 3325       295
 3326       391
 3327       381
 3328       303
 3329         1
 3330       283
 3331       277
 3332       163
 3333       281
 3334       399
 3335       189
 3336       199
 3337       317
 3338       401
 3339       453
 3340       425
 3341       325
 3342       115
 3343       239
 3344       139
 3345       223
 3346       185
 3347        45
 3348       393
 3349       153
 3350       477
 3351       389
 3352       431
 3353       121
 3354       191
 3355       213
 3356       387
 3357       351
 3358       501
 3359       509
 3360       263
 3361       311
 3362       105
 3363       461
 3364       415
 3365       343
 3366        75
 3367       371
 3368        61
 3369       441
 3370        95
 3371        31
 3372       245
 3373        39
 3374       413
 3375       149
 3376       395
 3377        33
 3378       383
 3379       265
 3380         7
 3381       433
 3382       309
 3383       347
 3384       455
 3385        47
 3386       241
 3387       145
 3388       101
 3389       369
 3390       507
 3391       443
 3392       255
 3393       237
 3394       449
 3395       439
 3396       109
 3397       463
 3398        67
 3399       205
 3400        37
 3401        77
 3402        55
 3403        23
 3404       379
 3405       209
 3406       127
 3407       107
 3408        27
 3409       171
 3410       361
 3411        43
 3412       437
 3413       207
 3414       219
 3415       211
 3416       353
 3417       337
 3418        65
 3419       177
 3420       481
 3421       297
 3422       499
 3423        19
 3424       119
 3425       467
 3426       291
 3427       217
 3428        41
 3429       257
 3430       157
 3431        53
 3432       333
 3433       243
 3434       279
 3435        87
 3436       173
 3437       345
 3438       421
 3439        89
 3440       483
 3441       491
 3442       147
 3443       409
 3444       429
 3445       319
 3446       331
 3447       315
 3448        17
 3449       183
 3450         9
 3451       285
 3452       259
 3453       131
 3454       135
 3455       137
 3456       233
 3457       397
 3458       179
 3459       225
 3460       485
 3461       249
 3462       251
 3463       451
 3464        15
 3465       273
 3466       495
 3467        71
 3468       227
 3469       307
 3470       465
 3471       407
 3472        85
 3473        25
 3474       113
 3475       423
 3476       193
 3477        21
 3478       375
 3479        93
 3480       151
 3481        81
 3482       195
 3483       357
 3484        73
 3485       493
 3486       123
 3487       359
 3488       229
 3489       143
 3490       403
 3491       335
 3492       111
 3493       261
 3494       175
 3495       459
 3496       447
 3497       327
 3498       287
 3499        59
 3500       103
 3501       299
 3502       349
 3503       269
 3504       511
 3505        79
 3506       215
 3507       377
 3508        91
 3509       181
 3510        29
 3511       355
 3512       169
 3513       167
 3514         3
 3515       427
 3516       339
 3517       117
 3518        11
 3519       367
 3520       457
 3521       289
 3522       405
 3523         5
 3524       301
 3525       275
 3526       435
 3527       469
 3528       187
 3529       475
 3530        83
 3531       165
 3532       305
 3533       417
 3534       271
 3535       133
 3536       221
 3537       385
 3538       473
 3539       487
 3540       201
 3541       503
 3542       141
 3543       505
 3544       197
 3545       247
 3546       363
 3547        69
 3548       365
 3549       411
 3550       159
 3551       125
 3552       373
 3553       479
 3554       419
 3555       161
 3556        63
 3557       267
 3558        57
 3559        97
 3560       321
 3561       329
 3562       231
 3563       445
 3564        51
 3565       253
 3566       155
 3567        49
 3568       471
 3569       129
 3570        13
 3571       489
 3572       313
 3573       235
 3574        35
 3575       323
 3576       293
 3577        99
 3578       203
 3579       341
 3580       497
 3581       295
 3582       391
 3583       303
 3584       381
 3585         1
 3586       283
 3587       277
 3588       163
 3589       281
 3590       399
 3591       199
 3592       189
 3593       317
 3594       401
 3595       453
 3596       425
 3597       325
 3598       115
 3599       239
 3600       139
